1.06738
1.07006
1.06773
1.06838
1.06759
1.0718
1.0704
1.0719
1.06247
1.06633
1.06598
1.06833
1.0668
1.06872
1.06377
1.06667
1.0654
1.06832
1.06611
1.06648
1.0656
1.06566
1.06422
1.06565
1.06404
1.06522
1.06124
1.06441
1.06368
1.06774
1.06601
1.06622
1.06277
1.0664
1.06228
1.0632
1.06076
1.06739
1.06428
1.0681
1.06509
1.06563
1.06545
1.06938
1.06872
1.07496
1.07045
1.07085
1.06832
1.07087
1.06895
1.07415
1.07165
1.07413
1.06935
1.07192
1.07106
1.07219
1.06726
1.07213
1.0673
1.06858
1.06599
1.0687
1.0651
1.06785
1.05995
1.06533
1.06284
1.06545
1.05879
1.0619
1.05716
1.06059
1.0573
1.05835
1.05724
1.06392
1.06046
1.06307
1.06155
1.06266
1.05885
1.06587
1.06361
1.06367
1.06148
1.06729
1.0655
1.06988
1.06654
1.07246
1.07066
1.0713
1.06882
1.06883
1.06554
1.07179
1.06821
1.06935
1.06883
1.07014
1.06491
1.06704
1.06523
1.06877
1.06755
1.07288
1.07271
1.0761
1.07578
1.07679
1.07595
1.07809
1.07472
1.07889
1.07388
1.07521
1.07171
1.0744
1.07345
1.07476
1.07155
1.07261
1.06982
1.07389
1.073
1.07443
1.06982
1.07422
1.07017
1.07395
1.07243
1.07369
1.0724
1.07284
1.07214
1.07251
1.06858
1.07125
1.07119
1.07629
1.0753
1.07856
1.0729
1.07437
1.07199
1.07547
1.07485
1.07765
1.07666
1.07806
1.07686
1.07994
1.07867
1.08415
1.08063
1.08302
1.08195
1.08954
1.08486
1.0869
1.08128
1.08206
1.08026
1.0827
1.07568
1.079
1.07716
1.07806
1.07466
1.07643
1.07467
1.07866
1.07686
1.07911
1.07483
1.07496
1.07146
1.07294
1.07003
1.07336
1.07081
1.07496
1.07326
1.07662
1.07489
1.07515
1.06811
1.06863
1.0658
1.06741
1.06695
1.06828
1.06571
1.069
1.06891
1.07203
1.07137
1.07481
1.07053
1.07282
1.0683
1.0704
1.07002
1.07092
1.06429
1.06935
1.06685
1.07045
1.06695
1.06754
1.06263
1.06335
1.06228
1.06457
1.06189
1.0679
1.06542
1.06744
1.06606
1.06926
1.06691
1.0678
1.06721
1.06736
1.0655
1.06569
1.06545
1.06556
1.06517
1.06628
1.06507
1.06531
1.06271
1.06567
1.06296
1.06806
1.06718
1.07079
1.06735
1.06854
1.06783
1.07139
1.07084
1.07436
1.06941
1.07058
1.0665
1.0742
1.07323
1.07402
1.07327
1.07873
1.07605
1.0778
1.07617
1.08251
1.07993
1.0841
1.08079
1.08585
1.07871
1.07931
1.07902
1.0835
1.08235
1.08355
1.0786
1.07933
1.07624
1.0783
1.0759
1.07821
1.07378
1.07827
1.07255
1.07608
1.07397
1.07592
1.07366
1.07615
1.07224
1.07682
1.07613
1.0767
1.07567
1.07776
1.07515
1.07562
1.07477
1.07659
1.07583
1.08072
1.07961
1.08136
1.07974
1.08301
1.08232
1.08299
1.08102
1.0831
1.07896
1.07988
1.07758
1.08421
1.08381
1.08697
1.08589
1.08773
1.08616
1.08664
1.07949
1.08444
1.08436
1.08598
1.08294
1.08329
1.07919
1.08136
1.08127
1.08179
1.0785
1.0785
1.07412
1.07539
1.07408
1.07692
1.07199
1.0723
1.06957
1.07052
1.06941
1.07374
1.07176
1.07465
1.07291
1.07703
1.07639
1.07786
1.07734
1.08063
1.0792
1.08404
1.08246
1.08535
1.08296
1.0864
1.08633
1.09173
1.08946
1.08989
1.08487
1.08538
1.08334
1.08573
1.08267
1.08341
1.07945
1.08463
1.08348
1.08523
1.08518
1.08912
1.08516
1.08598
1.08406
1.08417
1.08382
1.08693
1.08419
1.08696
1.08426
1.0863
1.08324
1.08368
1.07621
1.07639
1.07185
1.0729
1.06978
1.07517
1.07258
1.07683
1.07182
1.07549
1.07365
1.07937
1.0753
1.07756
1.072
1.07496
1.07452
1.07457
1.07392
1.07776
1.07657
1.07877
1.07613
1.08323
1.08169
1.08374
1.07778
1.07972
1.07887
1.07918
1.07479
1.0789
1.07532
1.08149
1.07966
1.08726
1.08337
1.08374
1.08043
1.08143
1.07654
1.08143
1.08022
1.08453
1.0801
1.08381
1.0836
1.0849
1.08415
1.08927
1.08838
1.08841
1.08365
1.08375
1.08326
1.08571
1.08287
1.08408
1.08405
1.09181
1.09135
1.09378
1.09377
1.0946
1.09079
1.09351
1.08755
1.09047
1.08579
1.09058
1.08698
1.08873
1.08355
1.08472
1.08224
1.08493
1.07968
1.08426
1.08278
1.08869
1.0886
1.09311
1.09223
1.09238
1.09178
1.09238
1.09038
1.09258
1.08999
1.09224
1.09063
1.09341
1.09138
1.09154
1.08832
1.09007
1.08959
1.09053
1.09016
1.09051
1.09033
1.09037
1.08633
1.08915
1.08668
1.08746
1.08667
1.08702
1.0852
1.08734
1.08668
1.08847
1.08791
1.09125
1.08888
1.089
1.08603
1.087
1.08503
1.08564
1.08333
1.08394
1.0803
1.08219
1.07973
1.08391
1.08381
1.08418
1.07828
1.07899
1.07682
1.08128
1.07881
1.07884
1.07664
1.07877
1.0767
1.08303
1.07798
1.07997
1.07943
1.0822
1.08039
1.08154
1.07955
1.08096
1.07607
1.07664
1.07581
1.08122
1.0784
1.08029
1.07403
1.07442
1.07307
1.07928
1.07858
1.08026
1.07483
1.08021
1.07978
1.0827
1.08147
1.0839
1.08264
1.08388
1.07865
1.08337
1.07839
1.08135
1.07258
1.07321
1.07234
1.07661
1.07656
1.07678
1.07149
1.07597
1.07576
1.07754
1.07573
1.07762
1.07727
1.07956
1.0778
1.07886
1.07838
1.07951
1.07338
1.07482
1.0746
1.07915
1.07755
1.07808
1.07769
1.0811
1.07658
1.08102
1.07692
1.07739
1.07733
1.08083
1.07787
1.07885
1.07409
1.07415
1.07316
1.0744
1.07298
1.07467
1.07322
1.07337
1.06815
1.06872
1.06515
1.07168
1.07082
1.07307
1.06982
1.07401
1.071
1.0725
1.069
1.07511
1.07293
1.07479
1.07328
1.07523
1.07431
1.07985
1.07746
1.0806
1.08025
1.08254
1.08075
1.08857
1.08463
1.08521
1.08323
1.08783
1.08509
1.08813
1.08328
1.086
1.08014
1.08045
1.07977
1.08823
1.08673
1.08684
1.0859
1.09272
1.09191
1.09209
1.09115
1.09388
1.08984
1.09259
1.08742
1.08749
1.08653
1.08681
1.08467
1.09522
1.09287
1.09609
1.09443
1.09576
1.09575
1.09666
1.09481
1.09677
1.09069
1.09545
1.09445
1.09795
1.09569
1.09594
1.09374
1.09609
1.09131
1.09245
1.08358
1.08858
1.0862
1.08839
1.08454
1.08706
1.08669
1.09111
1.08464
1.08792
1.08041
1.08323
1.08273
1.08503
1.07971
1.08433
1.08204
1.0833
1.08313
1.08403
1.07819
1.08204
1.08178
1.08273
1.08239
1.08261
1.08017
1.08071
1.08025
1.08506
1.08147
1.08172
1.0767
1.07936
1.07934
1.07986
1.07959
1.08074
1.07771
1.07924
1.07683
1.07766
1.07278
1.07451
1.06824
1.07148
1.06747
1.06862
1.06677
1.0712
1.07105
1.07402
1.07296
1.07604
1.07426
1.07883
1.0786
1.08183
1.07879
1.08042
1.07583
1.08063
1.07774
1.07936
1.07809
1.08151
1.07846
1.0798
1.0777
1.07851
1.07628
1.07689
1.07134
1.07285
1.0719
1.07382
1.07211
1.07854
1.07675
1.07867
1.07638
1.07695
1.07367
1.07439
1.07096
1.07887
1.07884
1.0797
1.07785
1.08021
1.07948
1.08706
1.08106
1.08123
1.07795
1.08199
1.07867
1.07992
1.078
1.08201
1.0816
1.08216
1.07856
1.07977
1.07664
1.07739
1.07533
1.08004
1.07841
1.0828
1.07853
1.08349
1.08003
1.08297
1.07685
1.08023
1.07681
1.08111
1.07535
1.07717
1.07636
1.07752
1.07524
1.07567
1.07206
1.07473
1.06977
1.07375
1.07174
1.07419
1.07094
1.07818
1.07585
1.07869
1.07413
1.08077
1.07811
1.07864
1.07349
1.07616
1.07296
1.07441
1.07397
1.07432
1.07026
1.07322
1.07011
1.071
1.07069
1.07127
1.06478
1.06812
1.067
1.075
1.07122
1.07245
1.06926
1.07571
1.07282
1.0772
1.07265
1.07475
1.07414
1.07813
1.0731
1.07469
1.07282
1.07445
1.07353
1.07556
1.06927
1.06966
1.06965
1.07304
1.07189
1.07718
1.07505
1.07897
1.07735
1.07758
1.07602
1.08192
1.07587
1.07851
1.07847
1.08447
1.08434
1.08609
1.08185
1.0867
1.0856
1.0873
1.0866
1.08788
1.08358
1.08433
1.08201
1.08767
1.08192
1.08486
1.08371
1.08472
1.07847
1.07885
1.07671
1.07913
1.07514
1.07521
1.07385
1.07816
1.07298
1.07608
1.07561
1.07805
1.075
1.07717
1.07274
1.07441
1.07344
1.07625
1.07506
1.0786
1.07706
1.0809
1.07677
1.08023
1.07761
1.07796
1.07227
1.07479
1.07477
1.07792
1.07277
1.07677
1.07374
1.07756
1.07709
1.07958
1.07809
1.07914
1.07766
1.07815
1.07061
1.07468
1.07264
1.07441
1.07134
1.07292
1.06947
1.07078
1.07023
1.07643
1.07607
1.07741
1.07348
1.079
1.07429
1.07722
1.07476
1.07646
1.07191
1.07415
1.0694
1.07088
1.06675
1.07292
1.06869
1.06962
1.06791
1.07151
1.0704
1.07345
1.06924
1.0712
1.07108
1.07733
1.0767
1.07764
1.07677
1.07772
1.07449
1.07887
1.07556
1.07706
1.07335
1.07478
1.07343
1.0741
1.06724
1.07049
1.06558
1.0662
1.0621
1.06756
1.06561
1.06791
1.06056
1.06327
1.06313
1.06578
1.06319
1.06596
1.06251
1.06478
1.06096
1.06132
1.0613
1.06231
1.05585
1.05794
1.05097
1.05106
1.05102
1.05311
1.05222
1.05263
1.04716
1.0474
1.04738
1.05085
1.04756
1.05311
1.0485
1.04869
1.04177
1.04352
1.0413
1.04357
1.03868
1.04245
1.04238
1.04447
1.04281
1.04321
1.04057
1.04072
1.03435
1.03495
1.03101
1.03148
1.02891
1.02933
