1.06954
1.06997
1.06401
1.06548
1.06481
1.06534
1.0627
1.06366
1.06028
1.06032
1.05657
1.05831
1.05496
1.05708
1.05509
1.05984
1.0572
1.06536
1.06253
1.06425
1.06099
1.06299
1.06145
1.06254
1.06216
1.0689
1.06772
1.06863
1.0613
1.06467
1.06448
1.06913
1.0648
1.06776
1.06699
1.07183
1.0712
1.07442
1.07301
1.07442
1.07235
1.07276
1.06738
1.07306
1.07111
1.07261
1.07076
1.0729
1.07257
1.07306
1.07106
1.07597
1.07223
1.07568
1.06914
1.07289
1.06825
1.06869
1.06514
1.0706
1.06701
1.07256
1.06784
1.0729
1.06816
1.07048
1.06806
1.06842
1.06527
1.06632
1.06301
1.06325
1.05661
1.05785
1.05707
1.05853
1.05765
1.06696
1.06608
1.07631
1.07036
1.07704
1.07366
1.07466
1.07466
1.07595
1.07251
1.07704
1.07577
1.07873
1.0776
1.07801
1.07676
1.07857
1.07655
1.07938
1.07722
1.07788
1.07354
1.08136
1.08036
1.08157
1.07963
1.08397
1.0839
1.08813
1.08785
1.08851
1.08337
1.08427
1.08176
1.08276
1.08163
1.08249
1.07683
1.07701
1.07211
1.07228
1.07104
1.07146
1.06653
1.06776
1.06751
1.06956
1.0642
1.06707
1.06585
1.06772
1.06731
1.07488
1.07165
1.07477
1.07328
1.07704
1.0721
1.07511
1.07344
1.07684
1.07196
1.07542
1.07417
1.08013
1.07729
1.07736
1.07646
1.07783
1.07693
1.08007
1.07936
1.08153
1.08109
1.08468
1.08413
1.08425
1.07941
1.07981
1.07971
1.08088
1.07773
1.0782
1.07634
1.07772
1.07318
1.07358
1.07134
1.07214
1.06634
1.07002
1.06578
1.06849
1.06524
1.06897
1.06872
1.069
1.0688
1.07061
1.06917
1.07077
1.06773
1.06932
1.0635
1.06647
1.06568
1.06675
1.06392
1.06643
1.06564
1.06688
1.06396
1.06805
1.06636
1.0707
1.06672
1.06798
1.06698
1.0708
1.06632
1.06937
1.06758
1.06897
1.06804
1.06821
1.06459
1.06691
1.06468
1.06593
1.06411
1.06551
1.0655
1.06586
1.06326
1.064
1.0612
1.06548
1.0631
1.06318
1.06094
1.06655
1.06184
1.06372
1.06339
1.06401
1.06216
1.06969
1.06247
1.07152
1.06777
1.07023
1.07002
1.07822
1.07558
1.07803
1.07437
1.07812
1.07613
1.07629
1.07315
1.07708
1.0751
1.07804
1.07766
1.07985
1.07683
1.07805
1.07449
1.08273
1.07751
1.07764
1.07289
1.0755
1.07156
1.07286
1.07148
1.07372
1.07125
1.07197
1.06771
1.06791
1.06446
1.06595
1.06311
1.06496
1.06082
1.0609
1.05998
1.0611
1.0571
1.05868
1.05566
1.05651
1.05511
1.05531
1.05445
1.05764
1.05107
1.05643
1.05527
1.05759
1.05499
1.05778
1.05631
1.05773
1.05661
1.05892
1.05619
1.05994
1.05773
1.06457
1.05387
1.05463
1.05209
1.05592
1.05426
1.0563
1.0542
1.05915
1.05698
1.05818
1.05313
1.05354
1.05282
1.05477
1.05475
1.05523
1.05499
1.05799
1.05597
1.05815
1.0557
1.05644
1.05357
1.05499
1.05091
1.05467
1.05431
1.05613
1.05112
1.05127
1.04981
1.05857
1.05694
1.06126
1.06063
1.06263
1.05551
1.05706
1.05324
1.05651
1.0561
1.0618
1.05805
1.06052
1.05694
1.05957
1.05883
1.06054
1.05932
1.06527
1.06465
1.07008
1.06993
1.07343
1.07041
1.07335
1.0653
1.06771
1.0659
1.06637
1.06631
1.06926
1.06713
1.07029
1.0655
1.06638
1.06619
1.0712
1.06841
1.07248
1.07246
1.07286
1.0727
1.07417
1.07198
1.07518
1.07323
1.07561
1.07441
1.08258
1.07788
1.07855
1.07538
1.07844
1.07758
1.08269
1.08081
1.0842
1.0812
1.08193
1.07861
1.08427
1.08324
1.08559
1.08423
1.09081
1.09023
1.09142
1.087
1.08799
1.08454
1.08867
1.08564
1.08686
1.08534
1.08746
1.08552
1.08779
1.08605
1.08964
1.08841
1.09008
1.0884
1.09475
1.09087
1.0915
1.09038
1.09123
1.09043
1.09872
1.09467
1.09689
1.09599
1.09686
1.09641
1.09796
1.09676
1.09706
1.09245
1.09471
1.09426
1.09549
1.09488
1.096
1.09369
1.09482
1.09327
1.09437
1.09007
1.09086
1.08865
1.08867
1.08726
1.09019
1.0894
1.08963
1.08955
1.09432
1.09403
1.09729
1.09643
1.09878
1.09815
1.10103
1.09754
1.10151
1.0934
1.09686
1.09614
1.1
1.09687
1.09812
1.09794
1.09935
1.09667
1.09687
1.09416
1.09643
1.09393
1.09585
1.08879
1.0947
1.09301
1.09614
1.09452
1.09755
1.09623
1.09809
1.09543
1.09695
1.09554
1.09581
1.09116
1.09208
1.09058
1.09141
1.08901
1.09106
1.08685
1.08806
1.08779
1.09612
1.09522
1.09934
1.09708
1.0998
1.09305
1.09686
1.09653
1.09804
1.09272
1.09813
1.09503
1.09595
1.08672
1.0896
1.08946
1.08992
1.08754
1.09314
1.09076
1.09418
1.09388
1.09391
1.09001
1.09259
1.09097
1.0934
1.09241
1.09584
1.09086
1.09471
1.09243
1.0974
1.09583
1.09643
1.09287
1.09429
1.09083
1.09187
1.09162
1.09276
1.09241
1.09532
1.09261
1.09282
1.08988
1.09259
1.08857
1.09123
1.08916
1.08953
1.08637
1.08822
1.0852
1.08591
1.08439
1.08502
1.08315
1.08391
1.08222
1.08608
1.08524
1.08564
1.07979
1.07996
1.07729
1.07791
1.07593
1.0765
1.07329
1.07452
1.07105
1.0718
1.06941
1.07687
1.07652
1.07749
1.07649
1.07738
1.07142
1.07387
1.07128
1.07499
1.07185
1.07775
1.0755
1.07892
1.07735
1.08108
1.07664
1.07957
1.07895
1.08111
1.07603
1.07813
1.07649
1.07701
1.07111
1.07213
1.07009
1.07033
1.07029
1.07384
1.07319
1.07448
1.07205
1.07287
1.06894
1.07303
1.07024
1.07423
1.0681
1.07114
1.06774
1.06962
1.06546
1.06851
1.06812
1.06877
1.06419
1.06933
1.06447
1.06455
1.0616
1.06237
1.05979
1.06278
1.06061
1.06261
1.06094
1.06521
1.06518
1.0729
1.07261
1.07292
1.06762
1.06769
1.06534
1.06819
1.06213
1.06383
1.06297
1.065
1.06333
1.06474
1.06388
1.06767
1.06561
1.0665
1.0646
1.06554
1.06336
1.06551
1.06309
1.06363
1.06357
1.0649
1.05944
1.06171
1.05825
1.05937
1.05535
1.05677
1.05542
1.05692
1.05389
1.05716
1.05651
1.05874
1.05573
1.05809
1.05617
1.05696
1.05521
1.05565
1.05372
1.06028
1.05723
1.05819
1.05581
1.0599
1.05614
1.05858
1.05762
1.06311
1.05824
1.05843
1.05815
1.05953
1.05888
1.06104
1.05627
1.05664
1.05516
1.06064
1.05971
1.06698
1.06398
1.06476
1.06364
1.06371
1.06134
1.06231
1.05576
1.0643
1.06315
1.06694
1.06668
1.06944
1.06891
1.06941
1.06665
1.06885
1.06386
1.0657
1.06533
1.06781
1.06708
1.06979
1.06746
1.07203
1.06833
1.07154
1.06837
1.07442
1.07062
1.07243
1.0724
1.07504
1.06837
1.0735
1.06732
1.0718
1.06717
1.0687
1.06651
1.06654
1.06244
1.06281
1.06162
1.06787
1.06681
1.07332
1.07225
1.07536
1.07152
1.07436
1.07376
1.07537
1.07272
1.07343
1.06671
1.06689
1.06629
1.07093
1.07027
1.07316
1.07308
1.07628
1.07334
1.0777
1.07502
1.07877
1.07851
1.08092
1.07944
1.08035
1.07995
1.08165
1.08079
1.08131
1.07842
1.07882
1.07618
1.08243
1.0808
1.08103
1.07889
1.08272
1.08184
1.08448
1.08168
1.08293
1.07936
1.08338
1.08322
1.08401
1.08333
1.08555
1.08463
1.08548
1.08431
1.08492
1.07909
1.08237
1.0816
1.08164
1.08101
1.08255
1.07631
1.08171
1.08092
1.08277
1.07655
1.07737
1.07589
1.07692
1.07372
1.07732
1.07181
1.0746
1.0691
1.06941
1.06473
1.06554
1.06499
1.06575
1.05843
1.0643
1.06354
1.06542
1.06416
1.06719
1.06664
1.06907
1.06586
1.07184
1.0703
1.07427
1.07264
1.07839
1.0759
1.07772
1.07692
1.0773
1.07634
1.07936
1.07929
1.07991
1.07931
1.08547
1.08026
1.08516
1.08038
1.08128
1.07673
1.07946
1.07638
1.08118
1.07647
1.07767
1.07631
1.07849
1.07282
1.07523
1.07382
1.07536
1.07252
1.07269
1.07194
1.07464
1.06925
1.07113
1.07062
1.07556
1.07379
1.07418
1.07275
1.0729
1.07234
1.0731
1.06948
1.06963
1.06858
1.06946
1.06615
1.06775
1.06613
1.06701
1.06399
1.0657
1.06341
1.06637
1.06388
1.06773
1.06337
1.06439
1.06116
1.06545
1.06382
1.06747
1.06467
1.06686
1.06553
1.06659
1.0648
1.06773
1.06112
1.06282
1.05759
1.0591
1.05071
1.05455
1.05162
1.05787
1.05624
1.06077
1.05949
1.06209
1.05833
1.06087
1.05695
1.05814
1.05436
1.0565
1.05559
1.05739
1.05474
1.06305
1.06147
1.06384
1.06189
1.06491
1.0616
1.06504
1.06332
1.06562
1.06384
1.06741
1.06727
1.07007
1.06876
1.07119
1.07083
1.07397
1.07281
1.07917
1.07504
1.07581
1.07144
1.07358
1.06869
1.07031
1.06888
1.07415
1.07142
1.07624
1.07586
1.08062
1.08021
1.08135
1.08111
1.08217
1.07834
1.08184
1.0799
1.08178
1.07861
1.08334
1.08331
1.08895
1.08772
1.08984
1.08645
1.08835
1.08553
1.09111
1.08805
1.09297
1.08945
1.09157
1.09061
1.09624
1.09194
1.09455
1.09369
1.09619
1.09304
1.09351
1.09279
1.09813
1.09797
1.09949
1.09921
1.0996
1.09742
1.10011
1.09947
1.10204
1.10102
1.10234
1.10199
1.10362
1.09942
1.09978
1.09823
1.10123
1.09872
1.10114
1.1002
1.10581
1.10152
1.10275
1.0991
1.09953
1.09497
1.10071
1.09802
1.10485
1.10386
1.10849
1.10655
1.10955
1.10541
1.1086
1.10785
1.10802
1.10675
1.10931
1.10799
1.11306
1.10964
1.11075
1.10804
1.10807
1.10773
1.111
1.11
1.11348
1.11032
1.11161
1.11087
1.11233
1.10893
1.11074
1.11005
1.11252
1.1104
1.11192
1.10961
1.10962
1.10888
1.10969
1.10316
1.10422
1.10246
1.10843
1.10567
1.10714
1.1037
1.10465
1.10257
1.10299
1.09895
1.10099
1.09989
1.10278
1.10045
1.10092
1.09854
1.09887
1.09531
1.097
1.09325
1.09722
1.09559
1.09649
1.09343
1.09374
1.08791
1.09067
1.0902
1.09087
1.08576
1.08676
1.08173
1.08783
1.08721
1.09093
1.08839
1.08847
1.08653
1.08792
1.08672
1.08711
1.08167
1.08422
1.08402
1.08522
1.0848
1.08486
1.08213
1.08489
1.08447
1.08531
1.08086
1.08103
1.08016
1.08379
1.08154
1.08431
1.08338
1.08383
1.08286
1.08577
1.08284
1.08695
1.08624
1.09038
1.08453
1.08914
1.086
1.09042
1.08536
1.08647
1.08388
1.08526
1.08301
1.09128
1.09054
1.09539
1.09233
1.09566
1.09438
1.09961
1.09871
1.09996
1.09658
1.10144
1.10096
1.10241
1.10239
1.10555
1.09841
1.10042
1.10002
1.10165
1.1011
1.10192
1.10119
1.10391
1.10266
1.10634
1.10173
1.10682
1.10407
1.10704
1.10637
1.1066
1.10549
1.11077
1.10881
1.11111
1.10719
1.1095
1.1065
1.1094
1.10829
1.10909
1.10765
1.11009
1.1091
1.11458
1.11168
1.1139
1.10676
1.10912
1.10764
1.11076
1.11071
1.11463
1.11189
1.11229
1.11049
1.1144
1.10866
1.11075
1.10841
1.10857
1.10408
1.10793
1.10426
1.10556
1.10013
1.1006
1.09941
1.10143
1.09834
1.10203
1.09807
1.10184
1.10171
1.10391
1.09932
1.10395
1.10074
1.10103
1.10063
1.10179
1.09855
1.10334
1.10245
1.1082
1.10547
1.1091
1.10658
1.10707
1.10493
1.10987
1.10966
1.11373
1.10627
1.10708
1.10498
1.10628
1.10359
1.10906
1.10608
1.11054
1.1093
1.11539
1.10722
1.10872
1.10674
1.10774
1.10754
1.11066
1.10614
1.10735
1.10671
1.10906
1.10894
1.11001
1.10474
1.10857
1.10621
1.1091
1.10485
1.10665
1.10262
1.10583
1.10528
1.10967
1.10751
1.10863
1.10635
1.11085
1.10885
1.11081
1.1102
1.11309
1.10983
1.1105
1.10877
1.10946
1.10523
1.10589
1.10203
1.1037
1.09957
1.1011
1.09938
1.10328
1.10322
1.10404
1.10133
1.10942
1.10938
1.11349
1.11251
1.11897
1.11531
1.12001
1.11999
1.12798
1.12312
1.12991
1.1204
1.12725
1.12583
1.12741
1.12618
1.12925
1.12813
1.1288
1.12786
1.13092
1.12933
1.13083
1.12522
1.12621
1.12429
1.12504
1.12056
1.12736
1.12434
1.12816
1.12802
1.12806
1.12467
1.12574
1.122
1.1235
1.12276
1.12304
1.1198
1.11986
1.11707
1.12168
1.12116
1.12602
1.12494
1.12594
1.12523
1.12708
1.12449
1.12976
1.12585
1.13298
1.13277
1.13347
1.13089
1.13114
1.12987
1.13337
1.1326
1.13884
1.13558
1.13915
1.1389
1.1433
1.13935
1.14063
1.13666
1.14337
1.14145
1.14536
1.13646
1.13755
1.13607
1.13849
1.13559
1.13599
1.1357
1.14196
1.13722
1.14241
1.13484
1.13932
1.13582
1.13625
1.13242
1.13883
1.13051
1.13368
1.133
1.13685
1.13446
1.1364
1.13441
1.1354
1.13406
1.13446
1.13183
1.13261
1.12874
1.13031
1.12941
1.13044
1.1288
1.13212
1.1299
1.13149
1.13067
1.13147
1.12584
1.13035
1.12978
1.13158
1.1264
1.13055
1.1274
1.13091
1.1285
1.1327
1.13251
1.13279
1.13014
1.13638
1.13139
1.13442
1.13237
1.13567
1.13141
1.13516
1.13135
1.13514
1.13492
1.13973
1.13507
1.13631
1.13586
1.13767
1.13696
1.14132
1.13497
1.13746
1.13686
1.13858
1.13786
1.14017
1.13705
1.14113
1.14006
1.14391
1.14256
1.14258
1.13838
1.14532
1.14222
1.14725
1.1469
1.15193
1.14813
1.15471
1.15412
1.15919
1.15819
1.1589
1.15402
1.15417
1.15174
1.15471
1.15367
1.15721
1.15712
1.16187
1.16155
1.16384
1.16334
1.16367
1.16076
1.16331
1.16178
1.16441
1.16381
1.16968
1.16935
1.17044
1.16871
1.17428
1.17206
1.17344
1.17098
1.17583
1.17563
1.17948
1.17539
1.17589
1.17327
1.17725
1.17586
1.17721
1.17498
1.17716
1.174
1.1769
1.17336
1.17889
1.17538
1.17751
1.17566
1.1762
1.17604
1.17668
1.17392
1.17655
1.17122
1.17466
1.17435
1.17547
1.16841
1.17265
1.16949
1.17223
1.16698
1.16721
1.16655
1.16886
1.16633
1.16896
1.16701
1.16982
1.16679
1.17013
1.1665
1.16764
1.165
1.16588
1.16456
1.16784
1.16453
1.16835
1.1676
1.173
1.17181
1.17469
1.17278
1.17296
1.16941
1.16973
1.16846
1.17186
1.1694
1.17
1.16924
1.17075
1.1675
1.16933
1.16676
1.17143
1.17046
1.17103
1.16629
1.16966
1.16511
1.1664
1.16224
1.17282
1.17198
1.17589
1.17261
1.17491
1.17345
1.17497
1.17262
1.17837
1.17773
1.18148
1.17928
1.18419
1.18283
1.18864
1.18845
1.18932
1.18861
1.18976
1.18834
1.19512
1.19424
1.19575
1.19537
1.19554
1.1947
1.1977
1.19399
1.19736
1.19056
1.19204
1.18733
1.19006
1.1821
1.18325
1.18126
1.18743
1.18502
1.18892
1.18495
1.18613
1.18388
1.18742
1.1832
1.18663
1.1865
1.18898
1.18602
1.18731
1.18173
1.18295
1.1776
1.1813
1.17763
1.17935
1.17624
1.17844
1.17775
1.17968
1.17615
1.17772
1.17721
1.18266
1.17972
1.1814
1.17834
1.17892
1.1788
1.18079
1.17796
1.18017
1.17947
1.18072
1.17563
1.17679
1.17583
1.17791
1.17603
1.17845
1.17732
1.17889
1.17695
1.17848
1.17699
1.17976
1.17924
1.18001
1.17906
1.17975
1.17922
1.18312
1.17339
1.17399
1.16825
1.16968
1.16599
1.17489
1.17275
1.17366
1.17167
1.17169
1.1714
1.17455
1.17401
1.17462
1.16723
1.17083
1.16943
1.17043
1.16851
1.17437
1.16728
1.16748
1.1632
1.16483
1.16381
1.1657
1.16534
1.16692
1.16354
1.1667
1.16249
1.16261
1.16224
1.16454
1.15989
1.16049
1.16029
1.1612
1.1597
1.16105
1.15885
1.16197
1.15997
1.15999
1.15988
1.16026
1.15524
1.15671
1.15546
1.16054
1.15789
1.15974
1.15635
1.16318
1.16169
1.16278
1.15475
1.16042
1.15845
1.16255
1.1621
1.1632
1.16171
1.16926
1.16857
1.16884
1.16377
1.16579
1.16546
1.16802
1.16469
1.16675
1.1613
1.16802
1.16712
1.17001
1.16998
1.17592
1.17573
1.17983
1.1755
1.17999
1.17423
1.17882
1.17689
1.1821
1.17625
1.17887
1.17871
1.18059
1.17944
1.18104
1.17891
1.17954
1.17617
1.18116
1.1785
1.17978
1.17466
1.17505
1.16784
1.16949
1.16581
1.16888
1.16847
1.17035
1.16785
1.16985
1.16862
1.17124
1.1683
1.17324
1.17231
1.17394
1.17243
1.17593
1.17202
1.17586
1.17436
1.17612
1.17487
1.17831
1.17239
1.17698
1.176
1.17793
1.17039
1.17298
1.17074
1.17341
1.17316
1.1743
1.17008
1.17152
1.17006
1.17036
1.16898
1.16996
1.16818
1.17094
1.16907
1.17299
1.16968
1.1742
1.17233
1.17728
1.17538
1.17595
1.17351
1.17419
1.16809
1.17509
1.17239
1.17306
1.17089
1.1764
1.17502
1.17646
1.17382
1.17619
1.17432
1.17736
1.1741
1.17641
1.17458
1.17592
1.17471
1.17516
1.17162
1.17496
1.17453
1.1773
1.17489
1.17663
1.17342
1.17576
1.1752
1.17648
1.17251
1.1781
1.17593
1.17631
1.17121
1.17139
1.1697
1.17203
1.17082
1.17239
1.16391
1.16823
1.16609
1.16794
1.16313
1.16601
1.16387
1.16615
1.16411
1.168
1.16615
1.16947
1.16947
1.1707
1.16978
1.17351
1.17047
1.17131
1.17052
1.17166
1.16969
1.17407
1.17372
1.17431
1.17121
1.17404
1.1714
1.17211
1.17124
1.17348
1.16886
1.17429
1.17225
1.17308
1.17231
1.1732
1.17231
1.17386
1.17127
1.17254
1.17025
1.17147
1.168
1.1685
1.16408
1.16475
1.16299
1.16528
1.16344
1.16633
1.15881
1.16042
1.15994
1.16038
1.15458
1.15782
1.1571
1.15907
1.15857
1.15916
1.15891
1.16085
1.15836
1.16357
1.16252
1.16695
1.16603
1.16746
1.16562
1.16799
1.16774
1.1728
1.16936
1.175
1.1742
1.1787
1.17634
1.17902
1.17763
1.18064
1.17765
1.17915
1.1783
1.18496
1.18386
1.19069
1.18826
1.18993
1.18894
1.19336
1.18686
1.18796
1.18702
1.19037
1.1901
1.1946
1.19223
1.19315
1.19022
1.19099
1.18978
1.19247
1.18995
1.19759
1.19519
1.19825
1.19542
1.20046
1.19686
1.19754
1.19626
1.20128
1.20051
1.20276
1.19923
1.20029
1.19707
1.19792
1.19579
1.19786
1.19748
1.19934
1.19616
1.2027
1.20019
1.20556
1.20411
1.2082
1.20767
1.212
1.21149
1.21421
1.21385
1.21508
1.21332
1.21708
1.21579
1.2167
1.21613
1.22041
1.21833
1.2209
1.21702
1.21755
1.21303
1.21418
1.21193
1.21239
1.21038
1.2183
1.21819
1.21998
1.21367
1.21655
1.21403
1.21759
1.21596
1.21985
1.21915
1.22169
1.22161
1.22341
1.21818
1.22075
1.21775
1.21983
1.2186
1.22021
1.21893
1.21971
1.21612
1.21958
1.21392
1.21775
1.21638
1.21753
1.21725
1.22006
1.21772
1.2221
1.2158
1.2196
1.21683
1.21962
1.2186
1.22136
1.22028
1.22101
1.21272
1.21279
1.2113
1.21266
1.21106
1.21144
1.20991
1.21677
1.21585
1.21943
1.21607
1.21662
1.20893
1.21202
1.2108
1.2112
1.20613
1.20685
1.20638
1.20956
1.20819
1.20848
1.20702
1.21004
1.20215
1.20661
